time;x;y;fx;fy
63;120;-120;0;0
126;120;-120;0;0
189;120;-120;0;0
252;120;-120;0;30
315;120;-120;0;30
378;120;-120;0;139
441;120;-115;0;139
504;120;-113;0;139
567;120;-111;0;139
630;120;-109;0;139
693;120;-104;0;223
756;120;-101;0;223
819;120;-98;0;223
882;120;-95;0;223
945;120;-88;0;223
1008;120;-85;0;197
1071;120;-81;0;197
1134;120;-78;0;197
1197;120;-72;0;197
1260;120;-68;0;197
1323;120;-65;0;210
1386;120;-62;0;210
1449;120;-55;0;210
1512;120;-52;0;210
1575;120;-49;0;210
1638;120;-46;0;99
1701;120;-46;0;99
1764;120;-46;0;99
1827;120;-46;0;99
1890;120;-46;0;99
1953;120;-44;0;140
2016;120;-42;0;140
2079;120;-40;0;140
2142;120;-38;0;140
2205;120;-34;0;78
2268;120;-34;0;78
2331;120;-34;0;78
2394;120;-34;0;78
2457;120;-34;0;78
2520;120;-34;0;53
2583;120;-34;0;53
2646;120;-34;0;53
2709;120;-34;0;53
2772;120;-34;0;53
2835;120;-34;0;53
2898;120;-29;0;173
2961;120;-27;0;173
3024;120;-24;0;173
3087;120;-22;0;173
3150;120;-17;0;139
3213;120;-15;0;139
3276;120;-13;0;139
3339;120;-11;0;139
3402;120;-7;0;139
3465;120;-6;0;80
3528;120;-6;0;80
3591;120;-6;0;80
3654;120;-6;0;80
3717;120;-6;0;80
3780;120;-6;0;95
3843;120;-6;0;95
3906;120;-6;0;95
3969;120;-6;0;95
4032;120;-6;0;95
4095;120;-6;0;140
4158;120;-2;0;140
4221;120;0;0;140
4284;120;1;0;140
4347;120;3;0;140
4410;120;5;0;110
4473;120;5;0;110
4536;120;5;0;110
4599;120;5;0;110
4662;120;5;0;130
4725;120;6;0;130
4788;120;8;0;130
4851;120;10;0;130
4914;120;13;0;130
4977;120;15;0;130
5040;120;18;-26;239
5103;120;22;-26;239
5166;120;29;-26;239
5229;120;33;-26;239
5292;120;37;-26;239
5355;120;40;0;164
5418;120;45;0;164
5481;120;47;0;164
5544;120;49;0;164
5607;120;52;0;164
5670;120;53;0;41
5733;120;53;0;41
5796;120;53;0;41
5859;120;53;0;41
5922;120;53;0;58
5985;120;53;0;58
6048;120;53;0;58
6111;120;53;0;58
6174;120;53;0;58
6237;120;54;0;158
6300;120;56;0;158
6363;120;58;0;158
6426;120;62;0;158
6489;120;64;0;158
6552;120;66;0;100
6615;120;66;0;100
6678;120;66;0;100
6741;120;66;0;100
6804;120;66;0;100
6867;120;66;0;116
6930;120;69;0;116
6993;120;70;0;116
7056;120;72;0;116
7119;120;73;0;116
7182;120;76;0;116
7245;120;77;0;56
7308;120;77;0;56
7371;120;77;0;56
7434;120;77;0;56
7497;120;77;-31;56
7560;120;77;-31;110
7623;120;77;-31;110
7686;120;77;-31;110
7749;120;77;-31;110
7812;120;77;-37;110
7875;120;79;-37;266
7938;120;84;-37;266
8001;120;93;-37;266
8064;120;98;-37;266
8127;120;103;-41;266
8190;120;106;-41;101
8253;120;106;-41;101
8316;120;106;-41;101
8379;120;106;-41;101
8442;120;106;-43;0
8505;120;106;-43;0
8568;120;106;-43;0
8631;120;106;-43;0
8694;120;106;-43;0
8757;120;106;-26;0
8820;120;106;-26;0
8883;120;106;-26;0
8946;120;106;-26;0
9009;120;106;0;0
9072;120;106;0;0
9135;120;106;0;98
9198;120;106;0;98
9261;120;106;0;98
9324;120;106;0;98
9387;120;106;0;98
9450;120;108;0;142
9513;120;110;0;142
9576;120;112;0;142
9639;120;114;0;142
9702;120;118;0;142
9765;120;119;0;60
9828;120;119;0;60
9891;120;119;0;60
9954;120;119;0;60
10017;120;119;0;60
10080;120;119;0;0
10143;120;119;0;0
10206;120;119;0;0
10269;120;119;0;0
10332;120;119;0;0
10395;120;119;0;0
10458;120;119;0;0
10521;120;119;0;0
10584;120;119;0;0
10647;120;119;0;0
10710;120;119;0;0
10773;120;119;0;0
10836;120;119;0;0
10899;120;119;0;0
10962;120;119;0;0
11025;120;119;0;0
11088;120;119;0;0
11151;120;119;0;0
11214;120;119;0;0
11277;120;119;0;0
11340;120;119;0;0
11403;120;119;0;0
11466;120;119;0;0
11529;120;119;0;0
11592;120;119;0;0
11655;120;119;0;0
11718;120;119;0;0
11781;120;119;0;0
11844;120;119;0;0
11907;120;119;0;0
11970;120;119;0;0
12033;120;119;0;0
12096;120;119;0;0
12159;120;119;-44;0
12222;120;119;-44;0
12285;120;118;-44;-112
12348;120;117;-44;-112
12411;120;115;-44;-112
12474;120;114;-43;-112
12537;120;111;-43;-112
12600;120;110;-43;0
12663;120;110;-43;0
12726;120;110;-43;0
12789;120;110;-28;0
12852;120;110;-28;0
12915;120;110;-28;0
12978;120;110;-28;0
13041;120;110;0;0
13104;120;110;0;0
13167;120;110;0;0
13230;120;110;0;0
13293;120;110;0;0
13356;120;110;-65;0
13419;120;110;-65;0
13482;120;110;-65;0
13545;120;110;-65;-50
13608;120;110;-65;-50
13671;120;110;-65;-50
13734;116;110;-223;-50
13797;109;110;-223;-50
13860;105;108;-223;-174
13923;102;105;-223;-174
13986;94;101;-394;-174
14049;90;98;-394;-174
14112;86;96;-394;-174
14175;82;94;-394;-132
14238;78;92;-394;-132
14301;71;89;-361;-132
14364;67;87;-361;-132
14427;64;85;-361;-132
14490;60;83;-361;-158
14553;51;79;-361;-158
14616;47;77;-301;-158
14679;42;74;-301;-158
14742;34;70;-301;-122
14805;30;68;-301;-122
14868;27;67;-301;-122
14931;22;65;-253;-122
14994;13;62;-253;-122
15057;8;60;-253;-160
15120;3;58;-253;-160
15183;-5;53;-134;-160
15246;-7;51;-134;-160
15309;-8;48;-134;-160
15372;-10;46;-134;-216
15435;-13;39;-134;-216
15498;-15;36;-88;-216
15561;-15;33;-88;-216
15624;-15;29;-88;-216
15687;-15;26;-88;-214
15750;-15;23;-88;-214
15813;-15;16;-88;-214
15876;-15;13;-99;-214
15939;-15;9;-99;-214
16002;-15;4;-99;-112
16065;-15;3;-99;-112
16128;-15;1;-99;-112
16191;-18;0;-248;-112
16254;-26;-2;-248;-112
16317;-30;-3;-248;-75
16380;-34;-3;-248;-75
16443;-38;-3;-248;-75
16506;-42;-3;-300;-75
16569;-49;-3;-300;-75
16632;-53;-4;-300;-213
16695;-56;-7;-300;-213
16758;-60;-11;-300;-213
16821;-62;-17;-107;-213
16884;-62;-21;-107;-213
16947;-62;-24;-107;-492
17010;-62;-31;-107;-492
17073;-62;-35;-50;-492
17136;-62;-39;-50;-492
17199;-62;-42;-50;-492
17262;-62;-46;-50;-231
17325;-62;-53;-50;-231
17388;-62;-56;-132;-231
17451;-64;-59;-132;-231
17514;-67;-66;-132;-99
17577;-69;-66;-132;-99
17640;-71;-66;-132;-99
17703;-72;-66;-165;-99
17766;-77;-66;-165;-99
17829;-79;-66;-165;-181
17892;-82;-68;-165;-181
17955;-84;-70;-165;-181
18018;-87;-76;-98;-181
18081;-87;-78;-98;-181
18144;-87;-81;-98;-181
18207;-87;-85;-98;-263
18270;-87;-95;-98;-263
18333;-87;-100;-46;-263
18396;-87;-104;-46;-263
18459;-87;-109;-46;-263
18522;-87;-116;-46;-85
18585;-87;-116;-46;-85
18648;-89;-116;-153;-85
18711;-91;-116;-153;-85
18774;-96;-116;-153;-85
18837;-98;-116;-153;0
18900;-100;-116;-153;0
18963;-107;-116;-250;0
19026;-111;-116;-250;0
19089;-115;-116;-250;0
19152;-119;-116;-250;0
19215;-126;-116;-132;0
19278;-128;-116;-132;0
19341;-129;-116;-132;0
19404;-131;-116;-132;0
19467;-133;-116;-132;0
19530;-136;-116;0;-64
19593;-136;-116;0;-64
19656;-136;-116;0;-64
19719;-136;-116;0;-64
19782;-136;-116;0;-66
19845;-136;-116;0;-66
19908;-136;-116;30;-66
19971;-136;-116;30;-66
20034;-136;-116;30;-66
20097;-136;-116;30;-66
20160;-136;-116;30;-49
20223;-136;-116;30;-49
20286;-136;-116;31;-49
20349;-136;-116;31;-49
20412;-136;-116;31;-49
20475;-136;-116;31;0
20538;-136;-116;0;0
20601;-136;-116;0;0
20664;-136;-116;0;0
20727;-136;-116;0;0
20790;-136;-116;0;0
20853;-136;-116;0;0
20916;-136;-116;0;0
20979;-136;-116;0;0
21042;-136;-116;0;0
21105;-136;-116;0;-27
21168;-136;-116;0;-27
21231;-136;-116;0;-27
21294;-136;-116;0;-27
21357;-136;-116;0;0
21420;-136;-116;0;0
21483;-136;-116;0;0
21546;-136;-116;0;0
21609;-136;-116;0;0
21672;-136;-116;0;0
21735;-136;-116;0;0
21798;-136;-116;0;0
21861;-136;-116;0;0
21924;-136;-116;0;0
21987;-136;-116;0;0
22050;-136;-116;0;0
22113;-136;-116;0;0
22176;-136;-116;0;0
22239;-136;-116;0;0
22302;-136;-116;0;0
22365;-136;-116;0;0
22428;-136;-116;0;0
22491;-136;-116;0;0
22554;-136;-116;0;0
22617;-136;-116;0;0
22680;-136;-116;0;0
22743;-136;-116;29;0
22806;-136;-116;29;0
22869;-136;-116;29;0
22932;-136;-116;29;0
22995;-136;-116;29;0
23058;-136;-116;0;0
23121;-136;-116;0;0
23184;-136;-116;0;0
23247;-136;-116;0;0
23310;-136;-116;0;0
23373;-136;-116;0;0
23436;-136;-116;0;0
23499;-136;-116;0;0
23562;-136;-116;0;0
23625;-136;-116;0;0
23688;-136;-116;0;0
23751;-136;-116;0;0
23814;-136;-116;0;0
23877;-136;-116;0;0
23940;-136;-116;0;0
24003;-136;-116;0;0
24066;-136;-116;0;0
24129;-136;-116;0;0
24192;-136;-116;0;0
24255;-136;-116;159;0
24318;-131;-116;159;0
24381;-128;-116;159;0
24444;-126;-116;159;0
24507;-123;-116;159;0
24570;-118;-116;299;0
24633;-114;-116;299;0
24696;-110;-116;299;0
24759;-103;-116;299;0
24822;-99;-116;299;0
24885;-96;-116;516;0
24948;-92;-116;516;0
25011;-89;-116;516;0
25074;-81;-116;516;0
25137;-78;-116;516;0
25200;-74;-116;531;0
25263;-67;-116;531;0
25326;-63;-116;531;0
25389;-59;-116;531;0
25452;-56;-116;531;0
25515;-52;-116;536;0
25578;-45;-116;536;0
25641;-41;-116;536;0
25704;-34;-116;536;0
25767;-34;-116;536;0
25830;-27;-116;488;0
25893;-23;-116;488;0
25956;-19;-116;488;0
26019;-12;-116;488;0
26082;-8;-116;507;0
26145;-5;-116;507;0
26208;-1;-116;507;0
26271;5;-116;507;0
26334;9;-116;507;0
26397;13;-116;474;0
26460;16;-116;474;0
26523;20;-116;474;0
26586;27;-116;474;0
26649;31;-116;474;0
26712;35;-116;474;0
26775;42;-116;353;0
26838;46;-116;353;0
26901;49;-116;353;0
26964;57;-116;353;0
27027;57;-116;353;0
27090;66;-116;276;0
27153;71;-116;276;0
27216;76;-116;276;0
27279;85;-116;276;0
27342;88;-116;121;0
27405;90;-116;121;0
27468;91;-116;121;0
27531;93;-116;121;0
27594;96;-116;121;0
27657;97;-116;89;0
27720;97;-116;89;0
27783;97;-116;89;0
27846;97;-116;89;0
27909;97;-116;89;0
27972;97;-116;98;0
28035;97;-116;98;0
28098;97;-116;98;0
28161;97;-116;98;0
28224;97;-116;98;0
28287;101;-116;284;-90
28350;105;-116;284;-90
28413;108;-116;284;-90
28476;112;-116;284;-90
28539;119;-116;284;-90
28602;123;-116;138;-46
28665;125;-116;138;-46
28728;127;-116;138;-46
28791;129;-116;138;-46
28854;133;-116;138;-46
28917;135;-116;138;-46
28980;135;-116;0;0
29043;135;-116;0;0
29106;135;-113;0;203
29169;135;-110;0;203
29232;135;-106;0;203
29295;135;-100;0;203
29358;135;-97;0;203
29421;135;-95;0;45
29484;135;-95;0;45
29547;135;-95;0;45
29610;135;-95;0;45
29673;135;-95;0;45
29736;135;-95;0;48
29799;135;-95;0;48
29862;135;-95;0;48
29925;135;-95;0;48
29988;135;-95;0;48
30051;135;-95;0;73
30114;135;-95;0;73
30177;135;-95;0;73
30240;135;-95;0;73
30303;135;-95;0;50
30366;135;-95;0;50
30429;135;-95;0;50
30492;135;-95;0;50
30555;135;-95;0;50
30618;135;-95;0;149
30681;135;-93;0;149
30744;135;-89;0;149
30807;135;-89;0;149
30870;135;-85;0;149
30933;135;-83;0;147
30996;135;-81;0;147
31059;135;-79;0;147
31122;135;-75;0;147
31185;135;-73;0;147
31248;135;-71;0;147
31311;135;-70;0;110
31374;135;-70;0;110
31437;135;-70;-97;110
31500;135;-70;-97;110
31563;135;-70;-97;110
31626;135;-70;-97;30
31689;135;-70;-97;30
31752;133;-70;-518;30
31815;125;-70;-518;30
31878;121;-70;-518;90
31941;117;-70;-518;90
32004;110;-70;-661;90
32067;110;-70;-661;90
32130;102;-70;-661;90
32193;98;-68;-661;479
32256;93;-64;-661;479
32319;84;-54;-419;479
32382;79;-49;-419;479
32445;74;-45;-419;479
32508;64;-35;-419;630
32571;64;-35;-419;630
32634;55;-25;-306;630
32697;50;-21;-306;630
32760;45;-16;-306;630
32823;41;-12;-306;76
32886;33;-12;-306;76
32949;29;-12;-242;76
33012;22;-12;-242;76
33075;22;-12;-242;76
33138;14;-12;-242;52
33201;10;-12;-242;52
33264;6;-12;-242;52
33327;1;-12;-122;52
33390;0;-12;-122;52
33453;-2;-10;-122;161
33516;-5;-5;-122;161
33579;-7;-2;-122;161
33642;-7;0;-57;161
33705;-7;2;-57;161
33768;-7;4;-57;176
33831;-7;7;-57;176
33894;-7;12;-57;176
33957;-7;14;-61;176
34020;-7;17;-61;176
34083;-7;21;-61;105
34146;-7;21;-61;105
34209;-7;21;-61;105
34272;-7;21;-107;105
34335;-7;21;-107;105
34398;-7;21;-107;105
34461;-7;26;-107;236
34524;-7;29;-107;236
34587;-9;33;-251;236
34650;-18;42;-251;236
34713;-23;46;-251;245
34776;-27;51;-251;245
34839;-32;55;-251;245
34902;-39;63;-391;245
34965;-43;66;-391;245
35028;-46;69;-391;0
35091;-50;69;-391;0
35154;-58;69;-324;0
35217;-62;69;-324;0
35280;-65;69;-324;0
35343;-73;69;-324;0
35406;-77;69;-324;0
35469;-81;69;-324;0
35532;-85;69;-324;0
35595;-88;69;-232;0
35658;-96;69;-232;0
35721;-100;69;-232;0
35784;-104;69;-232;0
35847;-110;69;-149;0
35910;-112;69;-149;0
35973;-115;71;-149;180
36036;-117;73;-149;180
36099;-121;78;-149;180
36162;-123;81;-142;180
36225;-125;83;-142;180
36288;-127;85;-142;86
36351;-130;85;-142;86
36414;-132;85;-142;86
36477;-134;85;-54;86
36540;-134;85;-54;86
36603;-134;85;-54;75
36666;-134;85;-54;75
36729;-134;85;-54;75
36792;-134;85;-79;75
36855;-134;85;-79;75
36918;-134;89;-79;293
36981;-134;92;-79;293
37044;-134;96;-79;293
37107;-134;100;0;293
37170;-134;107;0;40
37233;-134;107;0;40
37296;-134;107;0;40
37359;-134;107;0;40
37422;-134;107;0;40
37485;-134;107;0;0
37548;-134;107;0;0
37611;-134;107;0;0
37674;-134;107;0;0
37737;-134;107;0;0
37800;-134;107;0;0
37863;-134;107;0;0
37926;-134;107;0;0
37989;-134;107;0;0
38052;-134;107;0;0
38115;-134;107;0;0
38178;-134;107;0;0
38241;-134;107;0;0
38304;-134;107;0;0
38367;-134;107;0;0
38430;-134;107;0;0
38493;-134;107;0;0
38556;-134;107;0;0
38619;-134;107;0;0
38682;-134;107;0;0
38745;-134;107;0;0
38808;-134;107;0;0
38871;-134;107;0;0
38934;-134;107;0;0
38997;-134;107;0;0
39060;-134;107;0;0
39123;-134;107;0;0
39186;-134;107;0;0
39249;-134;107;0;0
39312;-134;107;0;0
39375;-134;107;0;0
39438;-134;107;0;0
39501;-134;107;0;0
39564;-134;107;0;0
39627;-134;107;0;0
39690;-134;107;0;0
39753;-134;107;0;0
39816;-134;107;0;0
39879;-134;107;0;0
39942;-134;107;0;0
40005;-134;107;0;0
40068;-134;107;0;0
40131;-134;107;0;0
40194;-134;107;35;-34
40257;-134;107;35;-34
40320;-134;107;35;-34
40383;-134;107;35;-34
40446;-134;107;0;-34
40509;-134;107;0;-30
40572;-134;107;0;-30
40635;-134;107;0;-30
40698;-134;107;0;-30
40761;-134;107;0;-30
40824;-134;107;0;0
40887;-134;107;0;0
40950;-134;107;0;0
41013;-134;107;0;0
41076;-134;107;0;0
41139;-134;107;0;0
41202;-134;107;0;0
41265;-134;107;0;0
41328;-134;107;0;0
41391;-134;107;0;0
41454;-134;107;0;0
41517;-134;107;0;0
41580;-134;107;0;0
41643;-134;107;46;0
41706;-134;107;46;-88
41769;-134;107;46;-88
41832;-134;107;46;-88
41895;-134;107;46;-88
41958;-134;107;135;-88
42021;-132;107;135;-88
42084;-128;98;135;-289
42147;-126;94;135;-289
42210;-124;89;135;-289
42273;-123;85;135;-289
42336;-122;81;0;-289
42399;-122;74;0;-305
42462;-122;70;0;-305
42525;-122;67;0;-305
42588;-122;63;0;-305
42651;-122;56;0;-230
42714;-122;53;0;-230
42777;-122;49;0;-230
42840;-122;46;0;-230
42903;-122;42;0;-230
42966;-122;35;0;-251
43029;-122;30;0;-251
43092;-122;25;0;-251
43155;-122;16;0;-251
43218;-122;11;0;-251
43281;-122;7;0;-220
43344;-122;0;0;-220
43407;-122;0;0;-220
43470;-122;-6;0;-220
43533;-122;-9;0;-220
43596;-122;-16;0;-287
43659;-122;-20;0;-287
43722;-122;-23;0;-287
43785;-122;-27;0;-287
43848;-122;-31;0;-287
43911;-122;-38;0;-288
43974;-122;-42;0;-288
44037;-122;-45;0;-288
44100;-122;-53;0;-288
44163;-122;-56;0;-288
44226;-122;-60;0;-298
44289;-122;-63;0;-298
44352;-122;-67;0;-298
44415;-122;-74;0;-298
44478;-122;-78;75;-298
44541;-122;-83;75;-282
44604;-122;-87;75;-282
44667;-122;-92;75;-282
44730;-122;-102;75;-282
44793;-122;-107;68;-282
44856;-122;-113;68;-179
44919;-122;-115;68;-179
44982;-122;-115;68;-179
45045;-122;-120;68;-179
45108;-122;-123;0;-179
45171;-122;-124;0;-67
45234;-122;-124;0;-67
45297;-122;-124;0;-67
45360;-122;-124;0;-67
45423;-122;-124;0;0
45486;-122;-124;0;0
45549;-122;-124;0;0
45612;-122;-124;0;0
45675;-122;-124;0;0
45738;-122;-124;0;0
45801;-122;-124;0;0
45864;-122;-124;0;0
45927;-122;-124;0;0
45990;-122;-124;0;0
46053;-122;-124;0;0
46116;-122;-124;0;0
46179;-122;-124;0;0
46242;-122;-124;0;0
46305;-122;-124;0;0
46368;-122;-124;0;0
46431;-122;-124;0;0
46494;-122;-124;0;0
46557;-122;-124;0;0
46620;-122;-124;0;0
46683;-122;-124;35;0
46746;-122;-124;35;0
46809;-122;-124;35;0
46872;-122;-124;35;0
46935;-122;-124;35;0
46998;-120;-124;401;0
47061;-116;-124;401;0
47124;-113;-124;401;0
47187;-109;-124;401;0
47250;-102;-124;401;0
47313;-98;-124;682;0
47376;-91;-124;682;0
47439;-87;-124;682;0
47502;-84;-124;682;0
47565;-80;-124;682;0
47628;-76;-124;635;0
47691;-73;-124;635;0
47754;-65;-124;635;0
47817;-62;-124;635;0
47880;-58;-124;635;0
47943;-51;-124;788;0
48006;-47;-124;788;0
48069;-43;-124;788;0
48132;-40;-124;788;0
48195;-33;-124;736;0
48258;-29;-124;736;0
48321;-25;-124;736;0
48384;-18;-124;736;0
48447;-14;-124;736;0
48510;-11;-124;584;0
48573;-7;-124;584;0
48636;-3;-124;584;0
48699;0;-124;584;0
48762;7;-124;584;0
48825;10;-124;584;0
48888;17;-124;563;0
48951;21;-124;563;0
49014;25;-124;563;0
49077;28;-124;563;0
49140;32;-124;563;0
49203;36;-124;420;0
49266;43;-124;420;0
49329;47;-124;420;0
49392;50;-124;420;0
49455;57;-124;307;0
49518;61;-124;307;0
49581;65;-124;307;0
49644;68;-124;307;0
49707;72;-124;307;0
49770;79;-124;220;0
49833;83;-124;220;0
49896;86;-124;220;0
49959;92;-124;220;0
50022;96;-124;220;0
50085;99;-124;220;0
50148;102;-124;125;0
50211;103;-124;125;0
50274;107;-124;125;0
50337;108;-124;125;0
50400;110;-124;125;0
50463;112;-124;40;0
50526;112;-124;40;0
50589;112;-124;40;98
50652;112;-124;40;98
50715;112;-124;0;98
50778;112;-124;0;98
50841;112;-124;0;98
50904;112;-124;0;98
50967;112;-124;0;92
51030;112;-124;0;92
51093;112;-124;58;92
51156;112;-124;58;92
51219;112;-124;58;63
51282;112;-124;58;63
51345;112;-124;58;63
51408;113;-124;113;63
51471;114;-124;113;63
51534;117;-124;113;0
51597;119;-124;113;0
51660;120;-124;113;0
51723;123;-124;127;0
51786;125;-124;127;0
51849;127;-123;127;177
51912;130;-118;127;177
51975;131;-115;0;177
52038;131;-113;0;177
52101;131;-110;0;177
52164;131;-107;0;206
52227;131;-104;0;206
52290;131;-98;0;206
52353;131;-94;0;206
52416;131;-91;0;206
52479;131;-86;0;162
52542;131;-83;0;162
52605;131;-81;0;162
52668;131;-78;0;162
52731;131;-76;0;162
52794;131;-71;0;155
52857;131;-69;0;155
52920;131;-67;0;155
52983;131;-63;0;155
53046;131;-61;0;155
53109;131;-60;0;102
53172;131;-60;0;102
53235;127;-60;-281;102
53298;122;-60;-281;102
53361;116;-60;-281;102
53424;111;-58;-281;217
53487;102;-52;-281;217
53550;99;-49;-546;217
53613;95;-45;-546;217
53676;92;-42;-546;217
53739;88;-39;-546;156
53802;83;-37;-546;156
53865;74;-33;-359;156
53928;70;-30;-359;156
53991;65;-28;-359;156
54054;58;-22;-359;223
54117;55;-19;-359;223
54180;48;-12;-352;223
54243;44;-9;-352;223
54306;40;-6;-352;0
54369;37;-6;-352;0
54432;33;-6;-352;0
54495;29;-6;-317;0
54558;21;-6;-317;0
54621;17;-6;-317;0
54684;10;-6;-317;0
54747;6;-6;-242;0
54810;2;-6;-242;0
54873;-1;-6;-242;0
54936;-5;-6;-242;0
54999;-12;-4;-242;144
55062;-16;-2;-131;144
55125;-20;1;-131;144
55188;-21;3;-131;144
55251;-23;5;-131;144
55314;-26;5;-131;59
55377;-27;5;-110;59
55440;-27;5;-110;59
55503;-27;5;-110;59
55566;-27;9;-110;282
55629;-30;18;-269;282
55692;-35;23;-269;282
55755;-39;27;-269;282
55818;-48;36;-269;282
55881;-53;38;-269;81
55944;-58;38;-213;81
56007;-62;38;-213;81
56070;-65;38;-213;81
56133;-73;38;-213;81
56196;-77;38;-213;99
56259;-80;38;-217;99
56322;-84;38;-217;99
56385;-92;38;-217;99
56448;-95;38;-217;99
56511;-99;39;-217;227
56574;-102;42;-144;227
56637;-104;46;-144;227
56700;-106;49;-144;227
56763;-110;55;-144;227
56826;-112;59;-144;217
56889;-114;65;-54;217
56952;-114;69;-54;217
57015;-114;72;-54;217
57078;-114;75;-54;217
57141;-114;80;-39;115
57204;-114;81;-39;115
57267;-114;83;-39;115
57330;-114;84;-39;115
57393;-114;86;-39;115
57456;-114;87;-39;115
57519;-114;87;-39;93
57582;-114;87;0;93
57645;-114;87;0;93
57708;-114;87;0;93
57771;-114;87;0;93
57834;-114;91;-54;176
57897;-114;96;-54;176
57960;-114;99;-54;176
58023;-114;102;-54;176
58086;-114;104;-54;199
58149;-114;111;-54;199
58212;-114;114;-54;199
58275;-114;117;-54;199
58338;-114;121;-54;199
58401;-114;123;-54;0
58464;-114;123;0;0
58527;-114;123;0;-34
58590;-114;123;0;-34
58653;-114;123;0;-34
58716;-114;123;0;-34
58779;-114;123;0;-78
58842;-114;123;0;-78
58905;-114;123;0;-78
58968;-114;123;0;-78
59031;-114;123;0;-78
59094;-114;123;0;-69
59157;-114;123;0;-69
59220;-114;123;0;-69
59283;-114;123;0;-69
59346;-114;123;0;-69
59409;-114;123;0;-47
59472;-114;123;0;-47
59535;-114;123;0;-47
59598;-114;123;0;-47
59661;-114;123;0;-47
59724;-114;123;0;-38
59787;-114;123;0;-38
59850;-114;123;0;-38
59913;-114;123;0;-38
59976;-114;123;0;-38
60039;-114;123;0;-34
60102;-114;123;54;-34
60165;-114;123;54;-34
60228;-114;123;54;-34
60291;-114;123;54;-34
60354;-114;123;54;-48
60417;-112;123;212;-48
60480;-109;123;212;-48
60543;-106;123;212;-48
60606;-96;123;212;-30
60669;-93;123;133;-30
60732;-91;123;133;-30
60795;-90;123;133;-30
60858;-88;123;133;-30
60921;-86;123;133;-30
60984;-85;123;133;0
61047;-83;123;144;0
61110;-77;123;144;0
61173;-75;123;144;0
61236;-73;123;144;0
61299;-70;123;377;-95
61362;-67;123;377;-95
61425;-63;123;377;-95
61488;-60;123;377;-95
61551;-52;123;377;-95
61614;-45;121;437;-130
61677;-41;120;437;-130
61740;-33;116;437;-130
61803;-25;113;437;-130
61866;-22;113;356;-86
61929;-18;113;356;-86
61992;-14;113;356;-86
62055;-11;113;356;-86
62118;-7;113;356;-86
62181;0;113;169;-52
62244;1;113;169;-52
62307;4;113;169;-52
62370;6;113;169;-52
62433;9;113;169;-52
62496;14;113;162;-52
62559;16;113;162;-77
62622;21;113;162;-77
62685;24;113;162;-77
62748;26;113;162;-77
62811;28;113;111;-77
62874;30;113;111;-60
62937;33;113;111;-60
63000;34;113;111;-60
63063;35;113;111;-60
63126;38;113;0;-50
63189;38;113;0;-50
63252;38;113;0;-50
63315;38;113;0;-50
63378;38;113;0;-50
63441;38;113;0;-50
63504;38;113;29;-57
63567;38;113;29;-57
63630;38;113;29;-57
63693;38;113;29;-57
63756;38;113;43;-68
63819;38;113;43;-68
63882;38;113;43;-68
63945;38;113;43;-68
64008;38;113;43;-68
64071;38;113;43;-68
64134;38;113;67;-64
64197;38;113;67;-64
64260;38;113;67;-64
64323;38;113;67;-64
64386;38;113;67;-64
64449;38;113;84;-72
64512;38;113;84;-72
64575;38;113;84;-72
64638;38;113;84;-72
64701;38;113;57;-103
64764;38;113;57;-103
64827;38;113;57;-103
64890;38;113;57;-103
64953;38;113;57;-103
65016;38;112;39;-209
65079;38;108;39;-209
65142;38;102;39;-209
65205;38;98;39;-209
65268;38;95;39;-209
65331;39;92;146;-224
65394;43;85;146;-224
65457;45;82;146;-224
65520;47;79;146;-224
65583;49;75;146;-224
65646;51;72;32;-112
65709;51;69;32;-112
65772;51;68;32;-112
65835;51;66;32;-112
65898;51;65;32;-112
65961;51;63;0;-79
66024;51;63;0;-79
66087;51;63;0;-79
66150;51;63;0;-79
66213;51;63;0;-79
66276;51;61;0;-178
66339;54;58;261;-178
66402;58;55;261;-178
66465;66;50;261;-178
66528;71;47;261;-178
66591;75;45;261;-122
66654;76;43;109;-122
66717;76;40;109;-122
66780;76;38;109;-122
66843;76;37;109;-122
66906;76;36;109;-87
66969;78;36;231;-87
67032;84;36;231;-87
67095;88;36;231;-87
67158;94;35;231;-163
67221;98;33;384;-163
67284;102;31;384;-163
67347;111;27;384;-163
67410;115;24;384;-163
67473;119;22;384;-142
67536;124;20;384;-142
67599;128;18;230;-142
67662;135;15;230;-142
67725;139;13;230;-142
67788;142;11;230;0
67851;146;11;230;0
67914;149;11;0;0
67977;149;11;0;118
68040;149;12;0;118
68103;149;14;0;118
68166;149;15;0;118
68229;149;18;0;118
68292;149;20;0;118
68355;149;20;0;0
68418;149;20;0;0
68481;149;20;0;0
68544;149;20;0;0
68607;149;20;-40;0
68670;149;26;-40;313
68733;149;30;-40;313
68796;149;33;-40;313
68859;149;37;-40;313
68922;149;45;-64;264
68985;149;50;-64;264
69048;149;54;-64;264
69111;149;59;-64;264
69174;149;69;-59;264
69237;149;71;-59;0
69300;149;71;-59;0
69363;149;71;-59;0
69426;149;71;-59;0
69489;149;71;-91;0
69552;149;71;-91;99
69615;149;71;-91;99
69678;149;71;-91;99
69741;149;71;-103;99
69804;149;74;-103;188
69867;149;77;-103;188
69930;149;79;-103;188
69993;149;82;-103;188
70056;149;84;-98;188
70119;149;89;-98;134
70182;149;90;-98;134
70245;149;92;-98;134
70308;149;94;-98;134
70371;149;97;-89;134
70434;149;97;-89;67
70497;149;97;-89;67
70560;149;97;-89;67
70623;149;97;-89;67
70686;149;97;-88;67
70749;149;98;-88;114
70812;149;100;-88;114
70875;149;103;-88;114
70938;149;104;-88;114
71001;149;106;-100;114
71064;149;107;-100;153
71127;149;111;-100;153
71190;149;113;-100;153
71253;149;116;-100;153
71316;149;119;-85;0
71379;149;119;-85;0
71442;149;119;-85;0
71505;149;119;-85;0
71568;149;119;-85;0
71631;149;119;-85;0
71694;149;119;-83;73
71757;149;119;-83;73
71820;149;119;-83;73
71883;149;119;-83;73
71946;149;119;-71;73
72009;149;119;-71;0
72072;149;119;-71;0
72135;149;119;-71;0
72198;149;119;-71;0
72261;149;119;-71;0
